{"nbformat":4,"nbformat_minor":0,"metadata":{"colab":{"provenance":[{"file_id":"1i9vWb9-XqmQMzPDJtmVUST4e4mRaj6M6","timestamp":1707340652825}],"history_visible":true,"authorship_tag":"ABX9TyOqJUXx/a0Akjrml90zUMaR"},"kernelspec":{"name":"python3","display_name":"Python 3"},"language_info":{"name":"python"}},"cells":[{"cell_type":"code","execution_count":1,"metadata":{"colab":{"base_uri":"https://localhost:8080/"},"id":"6MtzSJ4_mred","executionInfo":{"status":"ok","timestamp":1707948856361,"user_tz":0,"elapsed":26353,"user":{"displayName":"Menaka Jothibasu","userId":"10951017899681806890"}},"outputId":"86efa262-a62e-4582-b8ad-3cdcb8993cd2"},"outputs":[{"output_type":"stream","name":"stdout","text":["Mounted at /content/drive\n"]}],"source":["from google.colab import drive\n","drive.mount('/content/drive')"]},{"cell_type":"code","source":[],"metadata":{"id":"VWNGroM6Mqhg"},"execution_count":null,"outputs":[]},{"cell_type":"code","source":["import pandas as pd\n","\n","pf=pd.read_csv('/content/drive/MyDrive/Colab Notebooks/WK10-Pandas Learner/Resources/sales.csv', index_col = 0)\n","\n","# load data into a DataFrame object:\n","df = pd.DataFrame(pf)\n","\n","print(df.to_string())\n","print(df.info())\n","\n","\n","missing_values = df.isnull().sum()\n","\n","# Display missing values summary\n","print(\"Missing Values:\")\n","print(missing_values)\n","\n","# Determine if missing values need to be cleaned out\n","if missing_values.any():\n","    print(\"There are missing values that may need to be cleaned out.\")\n","else:\n","    print(\"There are no missing values.\")\n","\n","df.set_index(['Region', 'No_of_Orders'], inplace=True)\n","print(\"Head of 3 Rows\",df.head(3))\n","print(\"Tail of last 3 Rows\",df.tail(3))\n","df.describe()\n","sales_series = df['Sales']\n","print(sales_series)\n","sales_profit_pf = df[['Sales', 'Profit']]\n","print(\"Display only SAles Profit info from the File \",sales_profit_pf)\n","high_sales_markets = df[df['Sales'] > '300000']\n","\n","# Display data for Southern Asia\n","print(high_sales_markets)\n","df.loc[[\"Western Africa\", \"Southern Africa\", \"North Africa\"] , [\"Sales\", \"Profit\"]]\n","df.iloc[0:3, 2:4]\n","print(\"Display the Sales greater than 300000\",df[\"Sales\"]>'300000')\n"],"metadata":{"colab":{"base_uri":"https://localhost:8080/"},"id":"JMT7ivJgMrKu","executionInfo":{"status":"ok","timestamp":1707950066236,"user_tz":0,"elapsed":206,"user":{"displayName":"Menaka Jothibasu","userId":"10951017899681806890"}},"outputId":"c87d3a4a-b593-47e3-c6e9-81158eca1601"},"execution_count":8,"outputs":[{"output_type":"stream","name":"stdout","text":["                         Region  No_of_Orders      Profit       Sales\n","Market                                                               \n","Africa           Western Africa           251  -12,901.51   78,476.06\n","Africa          Southern Africa            85   11,768.58   51,319.50\n","Africa             North Africa           182   21,643.08   86,698.89\n","Africa           Eastern Africa           110    8,013.04   44,182.60\n","Africa           Central Africa           103   15,606.30   61,689.99\n","Asia Pacific       Western Asia           382  -16,766.90  124,312.24\n","Asia Pacific      Southern Asia           469   67,998.76  351,806.60\n","Asia Pacific  Southeastern Asia           533   20,948.84  329,751.38\n","Asia Pacific            Oceania           646   54,734.02  408,002.98\n","Asia Pacific       Eastern Asia           414   72,805.10  315,390.77\n","Asia Pacific       Central Asia            37   -2,649.76    8,190.74\n","Europe           Western Europe           964   82,091.27  656,637.14\n","Europe          Southern Europe           338   18,911.49  215,703.93\n","Europe          Northern Europe           367   43,237.44  252,969.09\n","Europe           Eastern Europe           241   25,050.69  108,258.93\n","LATAM             South America           496   12,377.59  210,710.49\n","LATAM           Central America           930   74,679.54  461,670.28\n","LATAM                 Caribbean           288   13,529.59  116,333.05\n","USCA                 Western US           490   44,303.65  251,991.83\n","USCA                Southern US           255   19,991.83  148,771.91\n","USCA                 Eastern US           443   47,462.04  264,973.98\n","USCA                 Central US           356   33,697.43  170,416.31\n","USCA                     Canada            49    7,246.62   26,298.81\n","<class 'pandas.core.frame.DataFrame'>\n","Index: 23 entries, Africa to USCA\n","Data columns (total 4 columns):\n"," #   Column        Non-Null Count  Dtype \n","---  ------        --------------  ----- \n"," 0   Region        23 non-null     object\n"," 1   No_of_Orders  23 non-null     int64 \n"," 2   Profit        23 non-null     object\n"," 3   Sales         23 non-null     object\n","dtypes: int64(1), object(3)\n","memory usage: 920.0+ bytes\n","None\n","Missing Values:\n","Region          0\n","No_of_Orders    0\n","Profit          0\n","Sales           0\n","dtype: int64\n","There are no missing values.\n","Head of 3 Rows                                   Profit      Sales\n","Region          No_of_Orders                       \n","Western Africa  251           -12,901.51  78,476.06\n","Southern Africa 85             11,768.58  51,319.50\n","North Africa    182            21,643.08  86,698.89\n","Tail of last 3 Rows                             Profit       Sales\n","Region     No_of_Orders                       \n","Eastern US 443           47,462.04  264,973.98\n","Central US 356           33,697.43  170,416.31\n","Canada     49             7,246.62   26,298.81\n","Region             No_of_Orders\n","Western Africa     251              78,476.06\n","Southern Africa    85               51,319.50\n","North Africa       182              86,698.89\n","Eastern Africa     110              44,182.60\n","Central Africa     103              61,689.99\n","Western Asia       382             124,312.24\n","Southern Asia      469             351,806.60\n","Southeastern Asia  533             329,751.38\n","Oceania            646             408,002.98\n","Eastern Asia       414             315,390.77\n","Central Asia       37                8,190.74\n","Western Europe     964             656,637.14\n","Southern Europe    338             215,703.93\n","Northern Europe    367             252,969.09\n","Eastern Europe     241             108,258.93\n","South America      496             210,710.49\n","Central America    930             461,670.28\n","Caribbean          288             116,333.05\n","Western US         490             251,991.83\n","Southern US        255             148,771.91\n","Eastern US         443             264,973.98\n","Central US         356             170,416.31\n","Canada             49               26,298.81\n","Name: Sales, dtype: object\n","Display only SAles Profit info from the File                                       Sales      Profit\n","Region            No_of_Orders                        \n","Western Africa    251            78,476.06  -12,901.51\n","Southern Africa   85             51,319.50   11,768.58\n","North Africa      182            86,698.89   21,643.08\n","Eastern Africa    110            44,182.60    8,013.04\n","Central Africa    103            61,689.99   15,606.30\n","Western Asia      382           124,312.24  -16,766.90\n","Southern Asia     469           351,806.60   67,998.76\n","Southeastern Asia 533           329,751.38   20,948.84\n","Oceania           646           408,002.98   54,734.02\n","Eastern Asia      414           315,390.77   72,805.10\n","Central Asia      37              8,190.74   -2,649.76\n","Western Europe    964           656,637.14   82,091.27\n","Southern Europe   338           215,703.93   18,911.49\n","Northern Europe   367           252,969.09   43,237.44\n","Eastern Europe    241           108,258.93   25,050.69\n","South America     496           210,710.49   12,377.59\n","Central America   930           461,670.28   74,679.54\n","Caribbean         288           116,333.05   13,529.59\n","Western US        490           251,991.83   44,303.65\n","Southern US       255           148,771.91   19,991.83\n","Eastern US        443           264,973.98   47,462.04\n","Central US        356           170,416.31   33,697.43\n","Canada            49             26,298.81    7,246.62\n","                                    Profit       Sales\n","Region            No_of_Orders                        \n","Western Africa    251           -12,901.51   78,476.06\n","Southern Africa   85             11,768.58   51,319.50\n","North Africa      182            21,643.08   86,698.89\n","Eastern Africa    110             8,013.04   44,182.60\n","Central Africa    103            15,606.30   61,689.99\n","Southern Asia     469            67,998.76  351,806.60\n","Southeastern Asia 533            20,948.84  329,751.38\n","Oceania           646            54,734.02  408,002.98\n","Eastern Asia      414            72,805.10  315,390.77\n","Central Asia      37             -2,649.76    8,190.74\n","Western Europe    964            82,091.27  656,637.14\n","Central America   930            74,679.54  461,670.28\n","Display the Sales greater than 300000 Region             No_of_Orders\n","Western Africa     251              True\n","Southern Africa    85               True\n","North Africa       182              True\n","Eastern Africa     110              True\n","Central Africa     103              True\n","Western Asia       382             False\n","Southern Asia      469              True\n","Southeastern Asia  533              True\n","Oceania            646              True\n","Eastern Asia       414              True\n","Central Asia       37               True\n","Western Europe     964              True\n","Southern Europe    338             False\n","Northern Europe    367             False\n","Eastern Europe     241             False\n","South America      496             False\n","Central America    930              True\n","Caribbean          288             False\n","Western US         490             False\n","Southern US        255             False\n","Eastern US         443             False\n","Central US         356             False\n","Canada             49              False\n","Name: Sales, dtype: bool\n"]}]}]}